%YAML:1.0
description: "air-blow-face"
samples:
   - !!opencv-matrix
      rows: 198
      cols: 1
      dt: d
      data: [ -1.8237932856766072e+01, -1.7321493626294128e+01,
          -1.6071516240809569e+01, -1.4710417893601019e+01,
          -1.3057469532157626e+01, -1.0594030237858854e+01,
          -7.2661298535681862e+00, -3.1319711229530052e+00,
          1.7736428347764814e+00, 6.5231209459019306e+00,
          9.9728088718742747e+00, 1.2446364779792358e+01,
          1.4223089175938583e+01, 1.5515897609873448e+01,
          1.6362434121882636e+01, 1.6895609813244974e+01,
          1.6992840200095767e+01, -1.5980865688115209e+01,
          -1.4017208795398918e+01, -1.1298116594432837e+01,
          -8.3158932891796766e+00, -5.3656468093674992e+00,
          2.7088584349439619e+00, 5.2328962634695753e+00,
          7.9247895516397042e+00, 1.0529266015321717e+01,
          1.2637482780772082e+01, -5.4543609311947638e-01,
          -4.1592843724546824e-01, -2.9452401567848041e-01,
          -1.6951262883500912e-01, -2.6024981023519320e+00,
          -1.1616722687406085e+00, 3.3243422376315929e-01,
          1.7223678781705276e+00, 3.0127241049888074e+00,
          -1.1841859566092895e+01, -1.0132485870060219e+01,
          -7.8176966278084388e+00, -5.9423198330705276e+00,
          -7.8474937315520110e+00, -9.9449183746388776e+00,
          4.4015137105342719e+00, 6.0379727509571701e+00,
          8.2793431083307816e+00, 1.0070718652628093e+01,
          8.3288807347308467e+00, 6.2892873362796449e+00,
          -4.6244384362991084e+00, -3.2871012533783883e+00,
          -1.5758738824637137e+00, 6.3799424757967482e-01,
          2.7995959849706820e+00, 4.6430582137517256e+00,
          6.0679754117887876e+00, 5.0780468670690340e+00,
          3.4445809187414063e+00, 1.2200333698649490e+00,
          -1.1458408201993244e+00, -3.1134596209960907e+00,
          -1.1377930806886636e+00, 8.4945123420840130e-01,
          2.8426059608435539e+00, 2.9263781011991341e+00,
          1.0208346161541584e+00, -9.7053123051064860e-01,
          -5.9340891933129312e+00, -6.4691702521158667e-01,
          4.5843694457755371e+00, 9.6543937778658968e+00,
          1.4291603561214655e+01, 1.8413515402581275e+01,
          2.1968002669664447e+01, 2.4534509119930998e+01,
          2.4940802590251373e+01, 2.3555360660921480e+01,
          1.9987164570187939e+01, 1.5709968515761133e+01,
          1.1284403548251273e+01, 6.8424617275274526e+00,
          2.2550516429104763e+00, -2.4501291191232597e+00,
          -7.1659817015982661e+00, -1.6045251442953472e+01,
          -1.8303887158317913e+01, -1.9606055624676710e+01,
          -1.9924028525755265e+01, -1.9454661947937613e+01,
          -1.9580848444658049e+01, -2.0313182484037647e+01,
          -2.0369456764501436e+01, -1.9666061132457578e+01,
          -1.8012237167017847e+01, -1.2978473296291902e+01,
          -9.7742997725315739e+00, -6.5927065810286480e+00,
          -3.4180036155217346e+00, 8.9173514962411815e-01,
          1.1044500424193986e+00, 1.0966907017937384e+00,
          9.5806180886371539e-01, 5.9414687973595781e-01,
          -1.1150167019838154e+01, -1.2625499405001062e+01,
          -1.2811575663558424e+01, -1.1570944404883868e+01,
          -1.0725246426436719e+01, -1.0499909123768953e+01,
          -1.2071181350510537e+01, -1.3389481520828875e+01,
          -1.3527820500482877e+01, -1.2221026371460020e+01,
          -1.1365850972536553e+01, -1.1399182543811072e+01,
          1.0586849781175799e+01, 8.6423685831912316e+00,
          6.8867524822201904e+00, 6.8339277702227132e+00,
          6.6263370305702267e+00, 8.1333212203339507e+00,
          9.9904142599852488e+00, 1.1855984532100639e+01,
          1.3252346716537989e+01, 1.3787320697436245e+01,
          1.3521689116314469e+01, 1.2331464086370540e+01,
          9.4158358587791007e+00, 8.9835666715389593e+00,
          9.2003401459937759e+00, 1.0086162786903065e+01,
          1.0478286101972316e+01, 1.0314632979817775e+01,
          2.1176312569677744e+01, 2.0605028882808909e+01,
          2.0109949559130374e+01, 1.8422693361641191e+01,
          1.3659984325485606e+01, 8.0807365753951057e+00,
          3.1662255666277690e+00, -8.9043783349030114e-01,
          -4.5022611471238463e+00, -7.7916363547042278e-01,
          3.3337797684338106e+00, 8.2354783802185203e+00,
          1.3730237568811408e+01, 1.8231869048709999e+01,
          1.9999580750386720e+01, 2.0320725801226232e+01,
          2.0784466765318847e+01, 2.5620836701024624e-01,
          -1.4940828398663686e+00, -2.8455458371950604e+00,
          -4.1514245576048223e+00, -5.3815705423400919e+00,
          -5.4294731051101737e+00, -4.0913640577327728e+00,
          -2.7129672739547761e+00, -1.2920724081744595e+00,
          4.5904294884009084e-01, -4.7806164164390239e+00,
          -7.6463119610101256e+00, -1.0524233923902276e+01,
          -1.3244389587608120e+01, -6.3933473675828330e+00,
          -7.1821626643582164e+00, -7.9617056301666329e+00,
          -7.0914674713352053e+00, -6.2790557162303688e+00,
          -8.4383858801861533e-01, -9.7961328069890707e-01,
          -1.1173695871664331e+00, -9.0951277529397478e-01,
          -1.0963780577961850e+00, -9.6709485980827936e-01,
          -1.0144809768866869e+00, -1.0408257721780250e+00,
          -8.1507610130587660e-01, -6.0663972281529777e-01,
          -8.4507867234925227e-01, -1.0662953823542811e+00,
          -2.6686561984697885e+00, -5.1020850132637703e+00,
          -6.7427207251065449e+00, -8.4573578478347464e+00,
          -6.4889896582413860e+00, -4.8691330651938181e+00,
          -2.5856918281640784e+00, -4.0724439246021298e+00,
          -5.1812053497593880e+00, -6.6676098539947217e+00,
          -5.3479177907626019e+00, -4.2254331073825506e+00,
          -4.9709840562283656e+00, -7.3221328794441964e+00,
          -4.7137437736297052e+00, -4.3534315861697515e+00,
          -6.2426011825342362e+00, -4.5842150372171053e+00 ]
   - !!opencv-matrix
      rows: 198
      cols: 1
      dt: d
      data: [ -1.8140642256590038e+01, -1.7233652452545641e+01,
          -1.6020428395628908e+01, -1.4736814086107774e+01,
          -1.3183046566306505e+01, -1.0705532247648044e+01,
          -7.2688054269154314e+00, -3.0286229127188475e+00,
          1.9519291488322363e+00, 6.7134392713457958e+00,
          1.0142963852544938e+01, 1.2563841309903550e+01,
          1.4246806067492427e+01, 1.5475018289479873e+01,
          1.6252949401886607e+01, 1.6704140197949368e+01,
          1.6722868644510662e+01, -1.5933740443944050e+01,
          -1.3933078885713998e+01, -1.1154394407591713e+01,
          -8.0950950186279567e+00, -5.0628280247547934e+00,
          2.7075368071285473e+00, 5.1462555222239592e+00,
          7.7500489820725438e+00, 1.0255937802176087e+01,
          1.2284363774603539e+01, -3.8289404822313777e-01,
          -3.0290175384364854e-01, -2.3438019508045052e-01,
          -1.6331513140472226e-01, -2.6374870505730312e+00,
          -1.1524738601074764e+00, 3.8871479935885722e-01,
          1.7807363873968147e+00, 3.0719801798805331e+00,
          -1.1673662345352767e+01, -9.9544838641223290e+00,
          -7.6802442984029868e+00, -5.8271496834589813e+00,
          -7.7325746407143026e+00, -9.8049480408534571e+00,
          4.3481323295952539e+00, 5.9550154498369796e+00,
          8.1271819806133720e+00, 9.8615351785551759e+00,
          8.1550327719138416e+00, 6.1729975839978426e+00,
          -4.8435930798509981e+00, -3.4111808331630726e+00,
          -1.6501538368674398e+00, 6.0240423078029282e-01,
          2.7827698979407325e+00, 4.6364411098041609e+00,
          6.0801981176034179e+00, 5.1157029244777235e+00,
          3.4768781821434405e+00, 1.2275998054091102e+00,
          -1.2167108471504440e+00, -3.2509102279869251e+00,
          -1.2947464588618818e+00, 8.3135802450884655e-01,
          2.9569697533915837e+00, 3.0831185881478782e+00,
          1.0444919902962118e+00, -1.1020447830460252e+00,
