%YAML:1.0
description: "resting"
samples:
   - !!opencv-matrix
      rows: 198
      cols: 1
      dt: d
      data: [ -1.9899907455999834e+01, -1.9158781153510599e+01,
          -1.8093836767991256e+01, -1.6750635827595143e+01,
          -1.4798633607978722e+01, -1.1768151482517224e+01,
          -7.8380709640518411e+00, -3.2657417185460216e+00,
          1.7838932732270711e+00, 6.6563773406802431e+00,
          1.0733141760460017e+01, 1.4009858057611636e+01,
          1.6317114932586165e+01, 1.7595859025863927e+01,
          1.8253613628283517e+01, 1.8600230030068673e+01,
          1.8596375111927465e+01, -1.6930725894828402e+01,
          -1.4870357176691588e+01, -1.1907863359911952e+01,
          -8.6584123650311291e+00, -5.4574962893839327e+00,
          2.7142266793950878e+00, 5.7081569421633587e+00,
          8.8777014618887122e+00, 1.1940216159372689e+01,
          1.4324229189031593e+01, -7.3616891502085480e-01,
          -5.4274993018363005e-01, -3.4991496712815617e-01,
          -1.5210900629638607e-01, -3.1225154420214141e+00,
          -1.4985162465132948e+00, 1.7877912928700976e-01,
          1.8212825171376945e+00, 3.3640551903874529e+00,
          -1.2533062209857469e+01, -1.0719782865566891e+01,
          -8.2355991196002094e+00, -6.1568414272465368e+00,
          -8.1906660451896958e+00, -1.0437319524084716e+01,
          4.8035150091458831e+00, 6.6790914734932239e+00,
          9.1400683261583708e+00, 1.1127288128657728e+01,
          9.1520568957196602e+00, 6.9107833797257223e+00,
          -6.3719912767589886e+00, -4.4362835634941504e+00,
          -2.1389022906731801e+00, 5.1983057415613632e-01,
          3.1364581426684044e+00, 5.5785647810687848e+00,
          7.7030713513401352e+00, 5.8714121913312542e+00,
          3.5242095419226169e+00, 9.3913618343809779e-01,
          -1.7155305538053671e+00, -4.2382533554064752e+00,
          -2.0306389941895326e+00, 6.7687876123223611e-01,
          3.3769244414718811e+00, 3.4305620624652762e+00,
          7.4314863958933164e-01, -1.9778164865495356e+00,
          -5.7845062343631648e+00, -6.4585543297603354e-01,
          4.4377092446510558e+00, 9.4330961130078439e+00,
          1.4137545612147314e+01, 1.8146766472042692e+01,
          2.1294352149747567e+01, 2.3416253171722445e+01,
          2.3805063995037749e+01, 2.2633677893342014e+01,
          1.9787254985397698e+01, 1.6061728374109752e+01,
          1.1689499645681783e+01, 6.8935580356686348e+00,
          1.9724184147471340e+00, -2.9929548067473921e+00,
          -7.9651495501232139e+00, -1.4617672268757664e+01,
          -1.7076642541358730e+01, -1.8406617077439350e+01,
          -1.8655090246460311e+01, -1.8103427046229385e+01,
          -1.8428770672010838e+01, -1.9416841604148246e+01,
          -1.9645943621010140e+01, -1.8857053587112446e+01,
          -1.6851008830724648e+01, -1.2013527120194732e+01,
          -8.9402554990102789e+00, -5.8893392546860710e+00,
          -2.8566749667170823e+00, 9.1764893356589439e-01,
          1.2338497871672134e+00, 1.2771359555898747e+00,
          1.0123386453607035e+00, 4.8183481952970553e-01,
          -9.6590108211403631e+00, -1.1302212028816605e+01,
          -1.1496090854498489e+01, -1.0234601811666016e+01,
          -9.2917200148927588e+00, -9.0154044684198880e+00,
          -1.0928987002164043e+01, -1.2406066518885783e+01,
          -1.2540800188640869e+01, -1.1141379375677984e+01,
          -1.0241097539171994e+01, -1.0232868620244533e+01,
          9.4498921877455224e+00, 7.6262499437081646e+00,
          6.1904783215906223e+00, 6.2173818629779465e+00,
          5.8382152171876589e+00, 6.9486590722277004e+00,
          8.5163483167155309e+00, 1.0167381936059556e+01,
          1.1183793301893530e+01, 1.1599748468009182e+01,
          1.1540427586569574e+01, 1.0846628802260138e+01,
          8.4149226980988061e+00, 8.2136501727367346e+00,
          8.0478508311837338e+00, 8.5140083894268024e+00,
          8.8093290816642291e+00, 8.8809966232636413e+00,
          2.1371792555662360e+01, 2.0932071202445439e+01,
          2.0507326752577470e+01, 1.8431884369796741e+01,
          1.3599443772597171e+01, 7.9844114017770842e+00,
          3.2918079346679194e+00, -8.3566266198185546e-01,
          -4.6035382657463462e+00, -8.0819153114240483e-01,
          3.3906258799636051e+00, 8.1312399386280614e+00,
          1.3776176560701796e+01, 1.8511405490164325e+01,
          2.0646283817806808e+01, 2.1021977814910176e+01,
          2.1439445335753074e+01, 2.4670671924580068e-01,
          -1.5641651634434721e+00, -2.9507063737524697e+00,
          -4.2354815447407157e+00, -5.4245388033149240e+00,
          -5.4127356717067308e+00, -4.1418731585441719e+00,
          -2.7957582158443750e+00, -1.3641360990748148e+00,
          4.2889865800976978e-01, -4.8651673734873988e+00,
          -7.6816180165978256e+00, -1.0616295565574328e+01,
          -1.3464178188275353e+01, -6.4122346085913042e+00,
          -7.2578667730349702e+00, -8.1249750342033220e+00,
          -7.2228479500606007e+00, -6.3367586150550874e+00,
          -8.2940533365049918e-01, -1.1514993079910412e+00,
          -1.3552682635219193e+00, -1.0130611484384695e+00,
          -1.1257846166663816e+00, -1.0349815605287711e+00,
          -1.0321174713041059e+00, -1.2595841463291289e+00,
          -9.9188513444556636e-01, -6.2238820603515954e-01,
          -9.0928774532281464e-01, -1.0686083933110111e+00,
          -2.7089272468963177e+00, -4.9813626861680422e+00,
          -6.6271666527329778e+00, -8.2139100570727415e+00,
          -6.5153261237572648e+00, -4.8605024605137341e+00,
          -2.6591296303459075e+00, -4.0048509951179518e+00,
          -5.2688597751790693e+00, -6.6857262900714582e+00,
          -5.3342289976917607e+00, -4.0762933399055647e+00,
          -5.1636764991783934e+00, -7.3815181292080609e+00,
          -5.0881896388098777e+00, -4.5466634368721284e+00,
          -6.4704137686354031e+00, -4.6120449607422787e+00 ]
   - !!opencv-matrix
      rows: 198
      cols: 1
      dt: d
      data: [ -1.9669217149618319e+01, -1.8882635217220621e+01,
          -1.7789385215994365e+01, -1.6493545564106814e+01,
          -1.4666692886917618e+01, -1.1754281736136026e+01,
          -7.9130094288330373e+00, -3.3854377724158833e+00,
          1.6553422719240496e+00, 6.5478123497877867e+00,
          1.0548993566250466e+01, 1.3729350828155091e+01,
          1.6020973926916177e+01, 1.7361486213744339e+01,
          1.8071127002309598e+01, 1.8462578543191931e+01,
          1.8487116531713621e+01, -1.6811219548909499e+01,
          -1.4703802104355377e+01, -1.1747237154184857e+01,
          -8.5116893236347568e+00, -5.3178750707634750e+00,
          2.5657113699921292e+00, 5.4646048341296520e+00,
          8.5483598727539647e+00, 1.1548026058100810e+01,
          1.3962440140184137e+01, -6.6501290651460332e-01,
          -4.8697819380411922e-01, -3.1171600896573742e-01,
          -1.3218323648907437e-01, -3.0369007781570194e+00,
          -1.4204080716400591e+00, 2.5775518155003019e-01,
          1.8731829598076575e+00, 3.3801134094568384e+00,
          -1.2485890244646226e+01, -1.0631492917719576e+01,
          -8.1053205946368614e+00, -6.0156517275124202e+00,
          -8.1005211576071119e+00, -1.0373397046054352e+01,
          4.6385866573605039e+00, 6.4847379460628911e+00,
          8.9691414548906785e+00, 1.0992365618574031e+01,
          9.0214167837282364e+00, 6.7688636340206516e+00,
          -6.2859987165941691e+00, -4.3487288108371018e+00,
          -2.0497958350815257e+00, 5.8771008618482390e-01,
          3.1717888859989434e+00, 5.5899874266578085e+00,
          7.6726432230186230e+00, 5.9293847827097714e+00,
          3.6272234682661191e+00, 1.0292904995952028e+00,
          -1.6469969972271441e+00, -4.1697366769171484e+00,
          -1.9975240675322250e+00, 7.6055999660337670e-01,
          3.4996021568690172e+00, 3.5757131198711791e+00,
          8.4425304386731659e-01, -1.9331275756443456e+00,
